"road","identifier","extent","point","display_type","title","subtitle","delay_minutes","abnormalTrafficType","averageSpeed","startTimestamp","description","latitude","longitude"
"A1","undefined--vi-avl.2025-05-31_09-06-30-000.f.de0","51.600693500932806,7.6870407999993,51.600693500932806,7.6870407999993","51.600693500932806,7.6870407999993","WARNING","A1 | Kamen-Zentrum - Kamen-Zentrum"," Münster -> Dortmund",NA,"STATIONARY_TRAFFIC","11","2025-05-31T09:33:30+02:00","Beginn: 31.05.25 um 09:33 Uhr  Angespannte Verkehrslage, seit 31.05.2025, 09:33 A1: Münster -> Dortmund, 3.1 km vor AS Kamen-Zentrum, aus Richtung Kamener Kreuz  Im Stillstand Durchschnittsgeschwindigkeit: 11 km/h",51.6006935009328,7.6870407999993
"A1","undefined--vi-avl.2025-05-31_08-41-00-000.f.de0","51.6012087009328,7.687163399999292,51.582400893592066,7.67837368552128","51.6012087009328,7.687163399999292","WARNING","A1 | Overberger Busch - Kamen-Zentrum"," Münster -> Dortmund",7,"STATIONARY_TRAFFIC","14.699999809265137","2025-05-31T08:41:00+02:00","Beginn: 31.05.25 um 08:41 Uhr  Angespannte Verkehrslage, seit 31.05.2025, 08:41 A1: Münster -> Dortmund, zwischen 2.1 km hinter Overberger Busch und 1.0 km vor AS Kamen-Zentrum  Im Stillstand Reisezeitverlust: 7 Minuten Durchschnittsgeschwindigkeit: 14 km/h",51.6012087009328,7.68716339999929
"A1","undefined--vi-avl.2025-05-31_09-07-00-000.f.de0","53.70717308452752,10.330700786289578,53.716692811716726,10.337172358567665","53.70717308452752,10.330700786289578","WARNING","A1 | Buddikate - Bargteheide"," Hamburg -> Lübeck",0,"SLOW_TRAFFIC","40.20000076293945","2025-05-31T09:07:00+02:00","Beginn: 31.05.25 um 09:07 Uhr  Angespannte Verkehrslage, seit 31.05.2025, 09:07 A1: Hamburg -> Lübeck, zwischen 1.7 km hinter Buddikate und 0.2 km vor AS Bargteheide  Langsamer Verkehr Reisezeitverlust: 0 Minuten Durchschnittsgeschwindigkeit: 40 km/h",53.7071730845275,10.3307007862896
"A2","undefined--vi-avl.2025-05-31_09-21-30-000.f_007.de0","51.54766992368769,6.911768047536421,51.54766992368769,6.911768047536421","51.54766992368769,6.911768047536421","WARNING","A2 | Bottrop - Bottrop"," Dortmund -> Oberhausen",NA,"SLOW_TRAFFIC","20","2025-05-31T09:31:00+02:00","Beginn: 31.05.25 um 09:31 Uhr  Angespannte Verkehrslage, seit 31.05.2025, 09:31 A2: Dortmund -> Oberhausen, 2.0 km vor Bottrop, aus Richtung Bottrop  Langsamer Verkehr Durchschnittsgeschwindigkeit: 20 km/h",51.5476699236877,6.91176804753642
"A2","undefined--vi-avl.2025-05-31_09-19-03-000.f.de0","51.54765078207126,6.911737583305435,51.539267769059926,6.876447371863276","51.54765078207126,6.911737583305435","WARNING","A2 | Bottrop - Oberhausen-Königshardt"," Dortmund -> Oberhausen",2,"SLOW_TRAFFIC","41.099998474121094","2025-05-31T09:19:03+02:00","Beginn: 31.05.25 um 09:19 Uhr  Angespannte Verkehrslage, seit 31.05.2025, 09:19 A2: Dortmund -> Oberhausen, zwischen 0.4 km hinter AS Bottrop und 0.5 km vor AS Oberhausen-Königshardt  Langsamer Verkehr Reisezeitverlust: 2 Minuten Durchschnittsgeschwindigkeit: 41 km/h",51.5476507820713,6.91173758330543
"A2","undefined--vi-avl.2025-05-31_09-33-30-000.f.de0","51.86654860497764,8.372301940544038,51.86654860497764,8.372301940544038","51.86654860497764,8.372301940544038","WARNING","A2 | Gütersloh - Gütersloh"," Hannover -> Dortmund",NA,"STATIONARY_TRAFFIC","17","2025-05-31T09:33:30+02:00","Beginn: 31.05.25 um 09:33 Uhr  Angespannte Verkehrslage, seit 31.05.2025, 09:33 A2: Hannover -> Dortmund, 0.2 km vor Gütersloh, aus Richtung Gütersloh  Im Stillstand Durchschnittsgeschwindigkeit: 17 km/h",51.8665486049776,8.37230194054404
"A2","undefined--vi-avl.2025-05-31_09-33-30-000.f_003.de0","51.86654860497764,8.372301940544038,51.86654860497764,8.372301940544038","51.86654860497764,8.372301940544038","WARNING","A2 | Gütersloh - Gütersloh"," Hannover -> Dortmund",0,"STATIONARY_TRAFFIC","16.600000381469727","2025-05-31T09:33:30+02:00","Beginn: 31.05.25 um 09:33 Uhr  Angespannte Verkehrslage, seit 31.05.2025, 09:33 A2: Hannover -> Dortmund, zwischen 4.5 km hinter AS Gütersloh und Gütersloh  Im Stillstand Reisezeitverlust: 0 Minuten Durchschnittsgeschwindigkeit: 16 km/h",51.8665486049776,8.37230194054404
"A3","undefined--vi-hind.2025-05-31_08-41-00-000.f_003.de0","49.81883162460136,9.555502197098582,49.90250025737215,9.382270119465266","49.81883162460136,9.555502197098582","WARNING","A3 | Marktheidenfeld - Weibersbrunn"," Würzburg -> Frankfurt",NA,NA,NA,"2025-05-31T08:41:00+02:00","Beginn: 31.05.25 um 08:41 Uhr  Hindernis, seit 31.05.2025, 08:41 A3: Würzburg -> Frankfurt, zwischen 0.2 km hinter AS Marktheidenfeld und 5.0 km vor AS Weibersbrunn  Gefahr durch Personen auf der Fahrbahn",49.8188316246014,9.55550219709858
"A3","undefined--vi-zus.2025-05-31_03-15-30-000.f_004.de0","49.902315900941566,9.38231390000009,49.81890763006162,9.554490475564062","49.902315900941566,9.38231390000009","WARNING","A3 | Weibersbrunn - Marktheidenfeld"," Frankfurt -> Würzburg",NA,NA,NA,"2025-05-31T03:15:30+02:00","Beginn: 31.05.25 um 03:15 Uhr  Zusammengesetzte Verkehrsinformation, seit 31.05.2025, 03:15 A3: Frankfurt -> Würzburg, zwischen 5.0 km hinter AS Weibersbrunn und 0.3 km vor AS Marktheidenfeld  Gefahr durch Personen auf der Fahrbahn  A3 Frankfurt - Würzburg zwischen Rohrbrunn und Marktheidenfeld in beiden Richtungen Gefahr durch Personen auf der Fahrbahn",49.9023159009416,9.38231390000009
"A3","undefined--vi-hind.2025-05-31_09-16-30-000.f_001.de0","49.99121713930955,9.172197378673063,49.991513442143244,9.174764529934746","49.99121713930955,9.172197378673063","WARNING","A3 | Aschaffenburg-Ost - Einhausung West"," Frankfurt -> Würzburg",NA,NA,NA,"2025-05-31T09:16:30+02:00","Beginn: 31.05.25 um 09:16 Uhr  Fahrzeug-Hindernis, seit 31.05.2025, 09:16 A3: Frankfurt -> Würzburg, zwischen 0.1 km hinter AS Aschaffenburg-Ost und 1.2 km vor Einhausung West Gefahr durch ein defektes Fahrzeug auf der Fahrbahn",49.9912171393095,9.17219737867306
"A3","undefined--vi-unf.2025-05-31_09-11-30-000.f_001.de0","50.30335800093976,8.234610799999771,50.3790526009394,8.089331999999708","50.30335800093976,8.234610799999771","WARNING","A3 | Bad Camberg - Limburg-Süd"," Frankfurt -> Köln",NA,NA,NA,"2025-05-31T09:11:30+02:00","Beginn: 31.05.25 um 09:11 Uhr  Unfall, seit 31.05.2025, 09:11 A3: Frankfurt -> Köln, zwischen 0.4 km hinter Bad Camberg und 0.5 km vor AS Limburg-Süd",50.3033580009398,8.23461079999977
"A3","undefined--vi-avl.2025-05-31_09-05-30-000.f_009.de0","51.43160791204461,6.8079336702095175,51.450932616913896,6.798728663268922","51.43160791204461,6.8079336702095175","WARNING","A3 | Duisburg-Wedau - Oberhausen-Lirich"," Köln -> Oberhausen",2,"SLOW_TRAFFIC","37.29999923706055","2025-05-31T09:05:30+02:00","Beginn: 31.05.25 um 09:05 Uhr  Angespannte Verkehrslage, seit 31.05.2025, 09:05 A3: Köln -> Oberhausen, zwischen 2.8 km hinter AS Duisburg-Wedau und 3.3 km vor AS Oberhausen-Lirich  Langsamer Verkehr Reisezeitverlust: 2 Minuten Durchschnittsgeschwindigkeit: 37 km/h",51.4316079120446,6.80793367020952
"A3","undefined--vi-avl.2025-05-31_09-30-30-000.f_001.de0","51.431490096841294,6.807862885298941,51.431490096841294,6.807862885298941","51.431490096841294,6.807862885298941","WARNING","A3 | Kaiserberg - Kaiserberg"," Köln -> Oberhausen",NA,"SLOW_TRAFFIC","28","2025-05-31T09:31:00+02:00","Beginn: 31.05.25 um 09:31 Uhr  Angespannte Verkehrslage, seit 31.05.2025, 09:31 A3: Köln -> Oberhausen, 1.8 km vor AK Kaiserberg, aus Richtung Duisburg-Wedau  Langsamer Verkehr Durchschnittsgeschwindigkeit: 28 km/h",51.4314900968413,6.80786288529894
"A3","undefined--vi-avl.2025-05-31_08-59-30-000.f_001.de0","51.50209381712175,6.822226363988656,51.53286097761961,6.824278102193193","51.50209381712175,6.822226363988656","WARNING","A3 | Oberhausen-West - Oberhausen"," Köln -> Arnheim",4,"QUEUING_TRAFFIC","35.900001525878906","2025-05-31T08:59:30+02:00","Beginn: 31.05.25 um 08:59 Uhr  Angespannte Verkehrslage, seit 31.05.2025, 08:59 A3: Köln -> Arnheim, zwischen 1.7 km hinter AK Oberhausen-West und 0.9 km vor AK Oberhausen  Stockender Verkehr Reisezeitverlust: 4 Minuten Durchschnittsgeschwindigkeit: 35 km/h",51.5020938171217,6.82222636398866
"A3","undefined--vi-avl.2025-05-31_09-17-30-000.f.de0","51.50195620779296,6.8221593370547815,51.50195620779296,6.8221593370547815","51.50195620779296,6.8221593370547815","WARNING","A3 | Oberhausen-Holten - Oberhausen-Holten"," Oberhausen -> Arnheim",NA,"QUEUING_TRAFFIC","27","2025-05-31T09:31:00+02:00","Beginn: 31.05.25 um 09:31 Uhr  Angespannte Verkehrslage, seit 31.05.2025, 09:31 A3: Oberhausen -> Arnheim, 1.3 km vor AS Oberhausen-Holten, aus Richtung Oberhausen-West  Stockender Verkehr Durchschnittsgeschwindigkeit: 27 km/h",51.501956207793,6.82215933705478
"A4","undefined--vi-avl.2025-05-31_09-05-30-000.f.de0","50.8856118232664,6.968609081590944,50.8856118232664,6.968609081590944","50.8856118232664,6.968609081590944","WARNING","A4 | Köln-Süd - Köln-Süd"," Köln -> Heerlen/Aachen",NA,"STATIONARY_TRAFFIC","8","2025-05-31T09:31:00+02:00","Beginn: 31.05.25 um 09:31 Uhr  Angespannte Verkehrslage, seit 31.05.2025, 09:31 A4: Köln -> Heerlen/Aachen, in Höhe AK Köln-Süd, aus Richtung Rodenkirchener Brücke  Im Stillstand Durchschnittsgeschwindigkeit: 8 km/h",50.8856118232664,6.96860908159094
"A4","undefined--vi-avl.2025-05-31_07-44-00-000.f_009.de0","50.88561546827005,6.9686220737745925,50.88927042039832,6.929920637737","50.88561546827005,6.9686220737745925","WARNING","A4 | Rodenkirchener Brücke - Köln-Eifeltor"," Köln -> Heerlen/Aachen",7,"STATIONARY_TRAFFIC","20.200000762939453","2025-05-31T07:44:00+02:00","Beginn: 31.05.25 um 07:44 Uhr  Angespannte Verkehrslage, seit 31.05.2025, 07:44 A4: Köln -> Heerlen/Aachen, zwischen 2.2 km hinter Rodenkirchener Brücke und 0.4 km vor AS Köln-Eifeltor  Im Stillstand Reisezeitverlust: 7 Minuten Durchschnittsgeschwindigkeit: 20 km/h",50.8856154682701,6.96862207377459
"A4","undefined--vi-unf.2025-05-31_08-58-30-000.f_003.de0","50.87877214177091,11.833933288631936,50.87877214177091,11.833933288631936","50.87877214177091,11.833933288631936","WARNING","A4 | Teufelstalschenke - Hermsdorfer Kreuz"," Erfurt -> Chemnitz",NA,NA,NA,"2025-05-31T08:58:30+02:00","Beginn: 31.05.25 um 08:58 Uhr  Unfall, seit 31.05.2025, 08:58 A4: Erfurt -> Chemnitz, zwischen 1.5 km hinter Teufelstalschenke und 0.9 km vor AK Hermsdorfer Kreuz",50.8787721417709,11.8339332886319
"A4","undefined--vi-zus.2025-05-31_08-48-00-000.f.de0","51.181348733590745,15.00738811731026,51.18663037132385,14.989837729857847","51.181348733590745,15.00738811731026","WARNING","A4 | Ludwigsdorf - An der Neiße"," Görlitz -> Dresden",7,"STATIONARY_TRAFFIC","8.100000381469727","2025-05-31T08:48:00+02:00","Beginn: 31.05.25 um 08:48 Uhr  Zusammengesetzte Verkehrsinformation, seit 31.05.2025, 08:48 A4: Görlitz -> Dresden, zwischen 0.1 km hinter Ludwigsdorf und 0.1 km vor An der Neiße  Im Stillstand Reisezeitverlust: 7 Minuten Durchschnittsgeschwindigkeit: 8 km/h",51.1813487335907,15.0073881173103
"A5","undefined--vi-avl.2025-05-31_09-17-00-000.f.de0","48.89395497932789,8.30908821847652,48.90123030843058,8.336190859763544","48.89395497932789,8.30908821847652","WARNING","A5 | Schleifweg - Karlsruhe-Süd"," Basel -> Karlsruhe",1,"QUEUING_TRAFFIC","46.5","2025-05-31T09:17:00+02:00","Beginn: 31.05.25 um 09:17 Uhr  Angespannte Verkehrslage, seit 31.05.2025, 09:17 A5: Basel -> Karlsruhe, zwischen 1.6 km hinter Schleifweg und 7.4 km vor AS Karlsruhe-Süd  Stockender Verkehr Reisezeitverlust: 1 Minuten Durchschnittsgeschwindigkeit: 46 km/h",48.8939549793279,8.30908821847652
"A6","undefined--vi-hind.2025-05-31_08-14-30-000.f_004.de0","49.42179202233029,7.558267118059866,49.42171422907307,7.5558184854702795","49.42179202233029,7.558267118059866","WARNING","A6 | Ramstein-Miesenbach - Landstuhl-West"," Kaiserslautern -> Metz/Saarbrücken",NA,NA,NA,"2025-05-31T08:14:30+02:00","Beginn: 31.05.25 um 08:14 Uhr  Fahrzeug-Hindernis, seit 31.05.2025, 08:14 A6: Kaiserslautern -> Metz/Saarbrücken, zwischen 0.1 km hinter AS Ramstein-Miesenbach und 2.1 km vor AK Landstuhl-West Gefahr durch ein defektes Fahrzeug auf der Fahrbahn",49.4217920223303,7.55826711805987
"A6","undefined--vi-hind.2025-05-31_09-30-00-000.f_003.de0","49.32317657688358,11.048046816146778,49.33202869157458,11.059053801755741","49.32317657688358,11.048046816146778","WARNING","A6 | Schwabach-Süd - Roth"," Heilbronn -> Nürnberg",NA,NA,NA,"2025-05-31T09:30:00+02:00","Beginn: 31.05.25 um 09:30 Uhr  Hindernis, seit 31.05.2025, 09:30 A6: Heilbronn -> Nürnberg, zwischen 0.4 km hinter AS Schwabach-Süd und 0.2 km vor AD Roth  Gefahr durch Gegenstände auf der Fahrbahn",49.3231765768836,11.0480468161468
"A6","undefined--vi-avl.2025-05-31_09-26-30-000.f.de0","49.63276763888816,12.466013660181785,49.63276763888816,12.466013660181785","49.63276763888816,12.466013660181785","WARNING","A6 | Ulrichsberg - Ulrichsberg"," Pilsen -> Nürnberg",NA,"QUEUING_TRAFFIC","22","2025-05-31T09:31:00+02:00","Beginn: 31.05.25 um 09:31 Uhr  Angespannte Verkehrslage, seit 31.05.2025, 09:31 A6: Pilsen -> Nürnberg, 1.0 km vor Ulrichsberg, aus Richtung Waidhaus  Stockender Verkehr Durchschnittsgeschwindigkeit: 22 km/h",49.6327676388882,12.4660136601818
"A6","undefined--vi-zus.2025-05-31_09-21-00-000.f.de0","49.63276684818779,12.465986011847248,49.62925492575436,12.44665918838879","49.63276684818779,12.465986011847248","WARNING","A6 | Waidhaus - Pleystein"," Pilsen -> Nürnberg",2,"QUEUING_TRAFFIC","26.100000381469727","2025-05-31T09:21:00+02:00","Beginn: 31.05.25 um 09:21 Uhr  Zusammengesetzte Verkehrsinformation, seit 31.05.2025, 09:21 A6: Pilsen -> Nürnberg, zwischen 1.8 km hinter AS Waidhaus und 2.6 km vor AS Pleystein  Stockender Verkehr Reisezeitverlust: 2 Minuten Durchschnittsgeschwindigkeit: 26 km/h",49.6327668481878,12.4659860118472
"A7","undefined--vi-avl.2025-05-31_09-31-34-000.f.de0","47.56094470235659,10.657204652357724,47.56094470235659,10.657204652357724","47.56094470235659,10.657204652357724","WARNING","A7 | Grenztunnel Füssen - Füssen"," Füssen/Reutte -> Ulm",0,"QUEUING_TRAFFIC","22.399999618530273","2025-05-31T09:31:34+02:00","Beginn: 31.05.25 um 09:31 Uhr  Angespannte Verkehrslage, seit 31.05.2025, 09:31 A7: Füssen/Reutte -> Ulm, zwischen 0.2 km hinter Grenztunnel Füssen und 1.2 km vor AS Füssen  Stockender Verkehr Reisezeitverlust: 0 Minuten Durchschnittsgeschwindigkeit: 22 km/h",47.5609447023566,10.6572046523577
"A7","undefined--vi-zus.2025-05-31_09-02-30-000.f.de0","47.56743705942547,10.658961639081179,47.57538933115995,10.661761037364318","47.56743705942547,10.658961639081179","WARNING","A7 | Grenztunnel Füssen - Reinertshofertunnel"," Füssen/Reutte -> Ulm",0,"SLOW_TRAFFIC","34.099998474121094","2025-05-31T09:02:30+02:00","Beginn: 31.05.25 um 09:02 Uhr  Zusammengesetzte Verkehrsinformation, seit 31.05.2025, 09:02 A7: Füssen/Reutte -> Ulm, zwischen 0.9 km hinter Grenztunnel Füssen und 2.9 km vor Reinertshofertunnel  Langsamer Verkehr Reisezeitverlust: 0 Minuten Durchschnittsgeschwindigkeit: 34 km/h",47.5674370594255,10.6589616390812
"A7","undefined--vi-avl.2025-05-31_09-33-30-000.f_004.de0","47.56094470235659,10.657204652357724,47.56094470235659,10.657204652357724","47.56094470235659,10.657204652357724","WARNING","A7 | Füssen - Füssen"," Füssen/Reutte -> Ulm",NA,"QUEUING_TRAFFIC","19","2025-05-31T09:33:30+02:00","Beginn: 31.05.25 um 09:33 Uhr  Angespannte Verkehrslage, seit 31.05.2025, 09:33 A7: Füssen/Reutte -> Ulm, 1.5 km vor AS Füssen, aus Richtung Grenztunnel Füssen  Stockender Verkehr Durchschnittsgeschwindigkeit: 19 km/h",47.5609447023566,10.6572046523577
"A7","undefined--vi-avl.2025-05-31_08-56-30-000.f.de0","47.80084979223144,10.313418455893185,47.80084979223144,10.313418455893185","47.80084979223144,10.313418455893185","WARNING","A7 | Leubastal - Leubastal"," Ulm -> Füssen/Reutte",NA,"STATIONARY_TRAFFIC","9","2025-05-31T09:30:30+02:00","Beginn: 31.05.25 um 09:30 Uhr  Angespannte Verkehrslage, seit 31.05.2025, 09:30 A7: Ulm -> Füssen/Reutte, 4.4 km vor Leubastal, aus Richtung Seebach  Im Stillstand Durchschnittsgeschwindigkeit: 9 km/h",47.8008497922314,10.3134184558932
"A7","undefined--vi-avl.2025-05-31_08-53-30-000.f_002.de0","47.800779719048904,10.313502197275735,47.75135748292951,10.331600372609591","47.800779719048904,10.313502197275735","WARNING","A7 | Seebach - Kempten"," Ulm -> Füssen/Reutte",37,"STATIONARY_TRAFFIC","8.899999618530273","2025-05-31T08:53:30+02:00","Beginn: 31.05.25 um 08:53 Uhr  Angespannte Verkehrslage, seit 31.05.2025, 08:53 A7: Ulm -> Füssen/Reutte, zwischen 0.6 km hinter Seebach und 1.5 km vor AS Kempten  Im Stillstand Reisezeitverlust: 37 Minuten Durchschnittsgeschwindigkeit: 8 km/h",47.8007797190489,10.3135021972757
"A7","undefined--vi-hind.2025-05-31_09-30-00-000.f_004.de0","48.282266305565,10.114357773052205,48.21937270094727,10.125345900000394","48.282266305565,10.114357773052205","WARNING","A7 | Vöhringen - Badhauser Wald-Ost"," Ulm -> Füssen/Reutte",NA,NA,NA,"2025-05-31T09:30:00+02:00","Beginn: 31.05.25 um 09:30 Uhr  Fahrzeug-Hindernis, seit 31.05.2025, 09:30 A7: Ulm -> Füssen/Reutte, zwischen 0.4 km hinter AS Vöhringen und 4.5 km vor Badhauser Wald-Ost Gefahr durch ein defektes Fahrzeug auf der Fahrbahn",48.282266305565,10.1143577730522
"A7","undefined--vi-zus.2025-05-31_09-02-30-000.f_002.de0","50.83169274883907,9.576626400194659,50.836264445444485,9.57967750414396","50.83169274883907,9.576626400194659","WARNING","A7 | Kirchheim - Kirchheimer Dreieck"," Fulda -> Kassel",NA,NA,NA,"2025-05-31T09:02:30+02:00","Beginn: 31.05.25 um 09:02 Uhr  Zusammengesetzte Verkehrsinformation, seit 31.05.2025, 09:02 A7: Fulda -> Kassel, zwischen 0.2 km hinter Kirchheim und 0.3 km vor AD Kirchheimer Dreieck  Gefahr durch eine ungesicherte Unfallstelle  A7 Fulda Richtung Kassel zwischen Kirchheim und Kirchheimer Dreieck Gefahr durch ungesicherte Unfallstelle im Baustellenbereich, linker Fahrstreifen blockiert",50.8316927488391,9.57662640019466
"A7","undefined--vi-zus.2025-05-31_09-17-30-000.f_002.de0","50.84518119210254,9.583956841185637,50.827012561379384,9.57292877710435","50.84518119210254,9.583956841185637","WARNING","A7 | Bad Hersfeld-West - Hattenbacher Dreieck"," Kassel -> Fulda",1,"SLOW_TRAFFIC","44.599998474121094","2025-05-31T09:17:30+02:00","Beginn: 31.05.25 um 09:17 Uhr  Zusammengesetzte Verkehrsinformation, seit 31.05.2025, 09:17 A7: Kassel -> Fulda, zwischen 8.9 km hinter AS Bad Hersfeld-West und 3.9 km vor AD Hattenbacher Dreieck  Langsamer Verkehr Reisezeitverlust: 1 Minuten Durchschnittsgeschwindigkeit: 44 km/h",50.8451811921025,9.58395684118564
"A7","undefined--vi-zus.2025-05-31_09-25-00-000.f.de0","52.56875563963131,9.783466625612672,52.597879564414285,9.748493566215673","52.56875563963131,9.783466625612672","WARNING","A7 | Mellendorf - Berkhof"," Hannover -> Hamburg",42,"STATIONARY_TRAFFIC","5.400000095367432","2025-05-31T09:25:00+02:00","Beginn: 31.05.25 um 09:25 Uhr  Zusammengesetzte Verkehrsinformation, seit 31.05.2025, 09:25 A7: Hannover -> Hamburg, zwischen 1.5 km hinter AS Mellendorf und 1.5 km vor AS Berkhof  Gefahr durch eine ungesicherte Unfallstelle  Im Stillstand Reisezeitverlust: 42 Minuten Durchschnittsgeschwindigkeit: 5 km/h",52.5687556396313,9.78346662561267
"A7","undefined--vi-avl.2025-05-31_09-26-30-000.f_002.de0","52.57629320417384,9.77569476762562,52.57629320417384,9.77569476762562","52.57629320417384,9.77569476762562","WARNING","A7 | Osterriehe - Osterriehe"," Hannover -> Hamburg",NA,"STATIONARY_TRAFFIC","9","2025-05-31T09:31:00+02:00","Beginn: 31.05.25 um 09:31 Uhr  Angespannte Verkehrslage, seit 31.05.2025, 09:31 A7: Hannover -> Hamburg, 0.1 km vor Osterriehe, aus Richtung Up n Bummelskampe  Im Stillstand Durchschnittsgeschwindigkeit: 9 km/h",52.5762932041738,9.77569476762562
"A7","undefined--vi-hind.2025-05-31_09-32-00-000.f_001.de0","52.592145586416784,9.754304664654462,52.60258809061026,9.744452707000198","52.592145586416784,9.754304664654462","WARNING","A7 | Osterriehe - Berkhof"," Hannover -> Hamburg",NA,NA,NA,"2025-05-31T09:32:00+02:00","Beginn: 31.05.25 um 09:32 Uhr  Hindernis, seit 31.05.2025, 09:32 A7: Hannover -> Hamburg, zwischen 2.2 km hinter Osterriehe und 0.9 km vor AS Berkhof  Gefahr durch eine ungesicherte Unfallstelle",52.5921455864168,9.75430466465446
"A7","undefined--vi-zus.2025-03-31_00-40-00-000.f_019.de0","53.579141433849884,9.913430072127355,53.55636870091902,9.897540700000414","53.579141433849884,9.913430072127355","WARNING","A7 | Hamburg-Volkspark - Elbtunnel (Nordportal)"," Flensburg -> Hamburg",NA,NA,NA,"2025-03-31T00:40:00+02:00","Beginn: 31.03.25 um 00:40 Uhr  Zusammengesetzte Verkehrsinformation, seit 31.03.2025, 00:40 A7: Flensburg -> Hamburg, zwischen 0.4 km hinter AS Hamburg-Volkspark und 0.9 km vor Elbtunnel (Nordportal)  A7 Flensburg Richtung Hamburg Ausfahrt Hamburg-Othmarschen Fahrbahnverengung, maximale Fahrbahnbreite von 4,50 m, Bauarbeiten, bis 29.09.2025",53.5791414338499,9.91343007212735
"A8","undefined--vi-zus.2025-05-31_09-31-34-000.f.de0","49.33872580157343,7.055508443093759,49.3318580224487,7.070668627232997","49.33872580157343,7.055508443093759","WARNING","A8 | Merchweiler - Friedrichsthal-Bildstock"," Saarlouis -> Neunkirchen",0,"SLOW_TRAFFIC","65.9000015258789","2025-05-31T09:31:34+02:00","Beginn: 31.05.25 um 09:31 Uhr  Zusammengesetzte Verkehrsinformation, seit 31.05.2025, 09:31 A8: Saarlouis -> Neunkirchen, zwischen 0.4 km hinter AS Merchweiler und 0.3 km vor AS Friedrichsthal-Bildstock  Langsamer Verkehr Reisezeitverlust: 0 Minuten Durchschnittsgeschwindigkeit: 65 km/h",49.3387258015734,7.05550844309376
"A8","undefined--vi-zus.2025-03-26_17-59-56-000.f_017.de0","49.326077820633785,7.175408561967308,49.327350714671546,7.213275819282444","49.326077820633785,7.175408561967308","WARNING","A8 | Neunkirchen/Spiesen - Kohlhof"," Saarlouis -> Neunkirchen",NA,NA,NA,"2025-03-26T17:59:56+01:00","Beginn: 26.03.25 um 17:59 Uhr  Zusammengesetzte Verkehrsinformation, seit 26.03.2025, 17:59 A8: Saarlouis -> Neunkirchen, zwischen 1.7 km hinter AS Neunkirchen/Spiesen und 1.0 km vor Kohlhof  A8 Saarlouis - Neunkirchen zwischen Neunkirchen-Spiesen und Neunkirchen-Oberstadt in beiden Richtungen Bauarbeiten, bis voraussichtlich 01.06.2025",49.3260778206338,7.17540856196731
"A8","undefined--vi-zus.2025-05-14_09-27-08-000.f_001.de0","49.32628400979037,7.229641516813452,49.329166750017514,7.1882642393148934","49.32628400979037,7.229641516813452","WARNING","A8 | Neunkirchen-Wellesweiler - Neunkirchen/Spiesen"," Neunkirchen -> Saarlouis",NA,NA,NA,"2025-05-14T09:27:08+02:00","Beginn: 14.05.25 um 09:27 Uhr  Zusammengesetzte Verkehrsinformation, seit 14.05.2025, 09:27 A8: Neunkirchen -> Saarlouis, zwischen 0.4 km hinter AS Neunkirchen-Wellesweiler und 2.7 km vor AS Neunkirchen/Spiesen  A8 Saarlouis - Neunkirchen zwischen Neunkirchen-Spiesen und Neunkirchen-Oberstadt in beiden Richtungen Bauarbeiten, bis voraussichtlich 01.06.2025",49.3262840097904,7.22964151681345
"A8","undefined--vi-zus.2025-05-31_09-10-00-000.f.de0","48.911008258117946,8.699883927974932,48.90599698064923,8.774595234841776","48.911008258117946,8.699883927974932","WARNING","A8 | Am Waisenrain - Pforzheim-Süd"," Karlsruhe -> Stuttgart",6,"SLOW_TRAFFIC","34.29999923706055","2025-05-31T09:10:00+02:00","Beginn: 31.05.25 um 09:10 Uhr  Zusammengesetzte Verkehrsinformation, seit 31.05.2025, 09:10 A8: Karlsruhe -> Stuttgart, zwischen 0.7 km hinter Am Waisenrain und 3.3 km vor AS Pforzheim-Süd  Langsamer Verkehr Reisezeitverlust: 6 Minuten Durchschnittsgeschwindigkeit: 34 km/h",48.9110082581179,8.69988392797493
"A8","undefined--vi-avl.2025-05-31_09-24-30-000.f.de0","48.91105097285898,8.700034332042272,48.91105097285898,8.700034332042272","48.91105097285898,8.700034332042272","WARNING","A8 | Pforzheim-Nord - Pforzheim-Nord"," Karlsruhe -> Stuttgart",NA,"SLOW_TRAFFIC","25","2025-05-31T09:30:30+02:00","Beginn: 31.05.25 um 09:30 Uhr  Angespannte Verkehrslage, seit 31.05.2025, 09:30 A8: Karlsruhe -> Stuttgart, 1.4 km vor AS Pforzheim-Nord, aus Richtung Am Waisenrain  Langsamer Verkehr Durchschnittsgeschwindigkeit: 25 km/h",48.911050972859,8.70003433204227
"A8","undefined--vi-avl.2025-05-31_09-15-30-000.f_003.de0","48.878593700945395,8.788558699999946,48.878593700945395,8.788558699999946","48.878593700945395,8.788558699999946","WARNING","A8 | Pforzheim-Süd - Pforzheim-Süd"," Stuttgart -> Karlsruhe",NA,"QUEUING_TRAFFIC","18","2025-05-31T09:31:00+02:00","Beginn: 31.05.25 um 09:31 Uhr  Angespannte Verkehrslage, seit 31.05.2025, 09:31 A8: Stuttgart -> Karlsruhe, in Höhe AS Pforzheim-Süd, aus Richtung Heimsheim  Stockender Verkehr Durchschnittsgeschwindigkeit: 18 km/h",48.8785937009454,8.78855869999995
"A8","undefined--vi-zus.2025-05-31_09-02-30-000.f_001.de0","48.878593700945395,8.788558699999946,48.924423774745435,8.749369664438822","48.878593700945395,8.788558699999946","WARNING","A8 | Heimsheim - Pforzheim-Nord"," Stuttgart -> Karlsruhe",10,"QUEUING_TRAFFIC","24.399999618530273","2025-05-31T09:02:30+02:00","Beginn: 31.05.25 um 09:02 Uhr  Zusammengesetzte Verkehrsinformation, seit 31.05.2025, 09:02 A8: Stuttgart -> Karlsruhe, zwischen 8.9 km hinter AS Heimsheim und 2.5 km vor AS Pforzheim-Nord  Stockender Verkehr Reisezeitverlust: 10 Minuten Durchschnittsgeschwindigkeit: 24 km/h",48.8785937009454,8.78855869999995
"A8","undefined--vi-avl.2025-05-31_08-59-30-000.f_005.de0","48.608060664185224,9.630427532013384,48.5873301495156,9.653311790256717","48.608060664185224,9.630427532013384","WARNING","A8 | Gruibingen - Mühlhausen"," Stuttgart -> München",2,"SLOW_TRAFFIC","41.599998474121094","2025-05-31T08:59:30+02:00","Beginn: 31.05.25 um 08:59 Uhr  Angespannte Verkehrslage, seit 31.05.2025, 08:59 A8: Stuttgart -> München, zwischen 0.1 km hinter Gruibingen und 0.8 km vor AS Mühlhausen  Langsamer Verkehr Reisezeitverlust: 2 Minuten Durchschnittsgeschwindigkeit: 41 km/h",48.6080606641852,9.63042753201338
"A8","undefined--vi-avl.2025-05-31_09-26-30-000.f_003.de0","48.60802478724321,9.63050557171782,48.60802478724321,9.63050557171782","48.60802478724321,9.63050557171782","WARNING","A8 | Am Kornberg - Am Kornberg"," Stuttgart -> München",NA,"SLOW_TRAFFIC","19","2025-05-31T09:31:00+02:00","Beginn: 31.05.25 um 09:31 Uhr  Angespannte Verkehrslage, seit 31.05.2025, 09:31 A8: Stuttgart -> München, 0.1 km vor Am Kornberg, aus Richtung Gruibingen  Langsamer Verkehr Durchschnittsgeschwindigkeit: 19 km/h",48.6080247872432,9.63050557171782
"A8","undefined--vi-avl.2025-05-31_08-59-30-000.f_004.de0","48.5813534968379,9.665571820458908,48.568993062238675,9.647327753635151","48.5813534968379,9.665571820458908","WARNING","A8 | Mühlhausen - Lämmerbuckeltunnel"," Stuttgart -> München",1,"SLOW_TRAFFIC","49.79999923706055","2025-05-31T08:59:30+02:00","Beginn: 31.05.25 um 08:59 Uhr  Angespannte Verkehrslage, seit 31.05.2025, 08:59 A8: Stuttgart -> München, zwischen 0.4 km hinter AS Mühlhausen und 2.9 km vor Lämmerbuckeltunnel  Langsamer Verkehr Reisezeitverlust: 1 Minuten Durchschnittsgeschwindigkeit: 49 km/h",48.5813534968379,9.66557182045891
"A8","undefined--vi-avl.2025-05-31_09-12-00-000.f.de0","47.9994347409023,11.675014060318713,47.95910274971207,11.690184411557743","47.9994347409023,11.675014060318713","WARNING","A8 | Hofoldinger Forst - Aying"," München -> Salzburg",4,"QUEUING_TRAFFIC","45.79999923706055","2025-05-31T09:12:00+02:00","Beginn: 31.05.25 um 09:12 Uhr  Angespannte Verkehrslage, seit 31.05.2025, 09:12 A8: München -> Salzburg, zwischen Hofoldinger Forst und 1.1 km vor Aying  Stockender Verkehr Reisezeitverlust: 4 Minuten Durchschnittsgeschwindigkeit: 45 km/h",47.9994347409023,11.6750140603187
"A8","undefined--vi-avl.2025-05-31_07-17-00-000.f_001.de0","47.80848763004,12.10941928901135,47.80293337821077,12.16769406857796","47.80848763004,12.10941928901135","WARNING","A8 | Inntal - Samerberg"," München -> Salzburg",26,"STATIONARY_TRAFFIC","9.300000190734863","2025-05-31T07:17:00+02:00","Beginn: 31.05.25 um 07:17 Uhr  Angespannte Verkehrslage, seit 31.05.2025, 07:17 A8: München -> Salzburg, zwischen 1.0 km hinter AD Inntal und 0.7 km vor Samerberg  Im Stillstand Reisezeitverlust: 26 Minuten Durchschnittsgeschwindigkeit: 9 km/h",47.80848763004,12.1094192890114
"A8","undefined--vi-avl.2025-05-31_07-30-30-000.f.de0","47.80836147584885,12.110821661132517,47.80836147584885,12.110821661132517","47.80836147584885,12.110821661132517","WARNING","A8 | Rosenheim - Rosenheim"," München -> Salzburg",NA,"STATIONARY_TRAFFIC","8","2025-05-31T09:33:30+02:00","Beginn: 31.05.25 um 09:33 Uhr  Angespannte Verkehrslage, seit 31.05.2025, 09:33 A8: München -> Salzburg, 0.7 km vor AS Rosenheim, aus Richtung Inntal  Im Stillstand Durchschnittsgeschwindigkeit: 8 km/h",47.8083614758488,12.1108216611325
"A8","undefined--vi-avl.2025-05-31_08-59-30-000.f.de0","47.800280895909765,12.19171172281861,47.800280895909765,12.19171172281861","47.800280895909765,12.19171172281861","WARNING","A8 | Samerberg - Samerberg"," Salzburg -> München",NA,"STATIONARY_TRAFFIC","15","2025-05-31T09:31:00+02:00","Beginn: 31.05.25 um 09:31 Uhr  Angespannte Verkehrslage, seit 31.05.2025, 09:31 A8: Salzburg -> München, 1.2 km vor Samerberg, aus Richtung Apfelkam  Im Stillstand Durchschnittsgeschwindigkeit: 15 km/h",47.8002808959098,12.1917117228186
"A8","undefined--vi-avl.2025-05-31_08-52-00-000.f.de0","47.800299225114145,12.191682351467492,47.803755356946546,12.162621042700342","47.800299225114145,12.191682351467492","WARNING","A8 | Apfelkam - Winkelbach"," Salzburg -> München",3,"STATIONARY_TRAFFIC","25.700000762939453","2025-05-31T08:52:00+02:00","Beginn: 31.05.25 um 08:52 Uhr  Angespannte Verkehrslage, seit 31.05.2025, 08:52 A8: Salzburg -> München, zwischen 0.6 km hinter Apfelkam und 1.9 km vor Winkelbach  Im Stillstand Reisezeitverlust: 3 Minuten Durchschnittsgeschwindigkeit: 25 km/h",47.8002992251141,12.1916823514675
"A9","undefined--vi-hind.2025-05-31_09-30-00-000.f_005.de0","48.50704430389984,11.587505507674617,48.55521819066527,11.58907899696725","48.50704430389984,11.587505507674617","WARNING","A9 | Pfaffenhofen a.d.Ilm - Holledau"," München -> Nürnberg",NA,NA,NA,"2025-05-31T09:30:00+02:00","Beginn: 31.05.25 um 09:30 Uhr  Hindernis, seit 31.05.2025, 09:30 A9: München -> Nürnberg, zwischen 0.3 km hinter AS Pfaffenhofen a.d.Ilm und 2.8 km vor AD Holledau  Gefahr durch eine ungesicherte Unfallstelle",48.5070443038998,11.5875055076746
"A9","undefined--vi-unf.2025-05-31_08-58-30-000.f_002.de0","50.88895654974542,11.845396858746422,50.89014590093692,11.845211100015428","50.88895654974542,11.845396858746422","WARNING","A9 | Hermsdorfer Kreuz - Bad Klosterlausnitz"," Nürnberg -> Halle/Leipzig",NA,NA,NA,"2025-05-31T08:58:30+02:00","Beginn: 31.05.25 um 08:58 Uhr  Unfall, seit 31.05.2025, 08:58 A9: Nürnberg -> Halle/Leipzig, zwischen 1.0 km hinter AK Hermsdorfer Kreuz und 2.3 km vor AS Bad Klosterlausnitz",50.8889565497454,11.8453968587464
"A10","undefined--vi-zus.2025-05-31_09-12-30-000.f_001.de0","52.30310170092962,12.973072100066599,52.29159400092957,12.922544600062654","52.30310170092962,12.973072100066599","WARNING","A10 | Michendorf-Süd - Potsdam"," Schönefelder Kreuz -> Dreieck Potsdam",NA,NA,NA,"2025-05-31T09:12:30+02:00","Beginn: 31.05.25 um 09:12 Uhr  Zusammengesetzte Verkehrsinformation, seit 31.05.2025, 09:12 A10: Schönefelder Kreuz -> Dreieck Potsdam, zwischen 3.0 km hinter Michendorf-Süd und 0.4 km vor AD Potsdam  Gefahr durch Gegenstände auf der Fahrbahn  A10 Südlicher Berliner Ring, Schönefelder Kreuz Richtung Dreieck Potsdam zwischen Ferch und Dreieck Potsdam Gefahr durch liegengebliebenes Fahrzeug auf dem Standstreifen, Gefahr durch Reifenteile auf allen Fahrstreifen",52.3031017009296,12.9730721000666
"A10","undefined--vi-avl.2025-05-31_09-30-30-000.f.de0","52.39905741384036,12.857453272338713,52.39905741384036,12.857453272338713","52.39905741384036,12.857453272338713","WARNING","A10 | Groß Kreutz - Groß Kreutz"," Dreieck Havelland -> Dreieck Werder",NA,"STATIONARY_TRAFFIC","27","2025-05-31T09:30:30+02:00","Beginn: 31.05.25 um 09:30 Uhr  Angespannte Verkehrslage, seit 31.05.2025, 09:30 A10: Dreieck Havelland -> Dreieck Werder, 1.6 km vor AS Groß Kreutz, aus Richtung Phöben  Im Stillstand Durchschnittsgeschwindigkeit: 27 km/h",52.3990574138404,12.8574532723387
"A10","undefined--vi-zus.2025-05-31_09-15-30-000.f.de0","52.39902830639884,12.857329969517833,52.387975500539376,12.824617808362381","52.39902830639884,12.857329969517833","WARNING","A10 | Phöben - Werder"," Dreieck Havelland -> Dreieck Potsdam",4,"STATIONARY_TRAFFIC","27.399999618530273","2025-05-31T09:15:30+02:00","Beginn: 31.05.25 um 09:15 Uhr  Zusammengesetzte Verkehrsinformation, seit 31.05.2025, 09:15 A10: Dreieck Havelland -> Dreieck Potsdam, zwischen 3.4 km hinter AS Phöben und 5.8 km vor AD Werder  Im Stillstand Reisezeitverlust: 4 Minuten Durchschnittsgeschwindigkeit: 27 km/h",52.3990283063988,12.8573299695178
"A12","WarnungA10Lkw3","47.61802931631098,12.202336027754352,47.61802931631098,12.202336027754352","47.61802931631098,12.202336027754352","WARNING","E45/E60 | LKW Blockabfertigung | A12-Inntal Autobahn","Richtung Italien",NA,NA,NA,"2025-01-11T00:00:00+01:00","Zeitraum: Beginn: 07.01.2025 Ende: 09.12.2025  Hinweis für LKW-Reisende nach Österreich: LKW-Blockabfertigungen an ausgewählten Tagen für Lkw am Grenzübergang Kufstein/Kiefersfelden. Maximaler Durchlass von 300 LKWs pro Stunde  Die genauen Ausführungszeiten und weitere Informationen auf tirol.gv.at/verkehr/verkehrs-und-seilbahnrecht/lkw-dosierung.",47.618029316311,12.2023360277544
"A12","WarnungA10Lkw2","47.6164490154047,12.202382557672273,47.6164490154047,12.202382557672273","47.6164490154047,12.202382557672273","WARNING","E43/E45/E60 | A13-Brenner Autobahn","Richtung Italien",NA,NA,NA,"2025-01-11T00:00:00+01:00","Zeitraum: Beginn: 11.01.2025 Ende: 27.09.2025  Hinweis für LKW-Reisende nach Österreich: LKW-Fahrverbot auf der A12-Inntal Autobahn, A13-Brenner Autobahn und A14-Rheintal/Walgau Autobahn, wenn das Ziel der Fahrt der Anschlussstelle Nößlach bis Anschlussstelle Brenner Nord der Richtungsfahrbahn Staatsgrenze der A 13 Brenner Autobahn erreicht werden soll. An ausgewählten Samstagen 7-15 Uhr sowie weiteren Tagen im Zeitraum 11.01. - 27.09.2025 Weitere Informationen auf http://asfinag.at/a13",47.6164490154047,12.2023825576723
"A15","undefined--vi-avl.2025-05-31_08-51-00-000.f.de0","51.7135299498081,14.393807773762921,51.70779461894658,14.435246468267069","51.7135299498081,14.393807773762921","WARNING","A15 | Cottbus-Süd - Roggosen"," Cottbus -> Breslau",1,"SLOW_TRAFFIC","70","2025-05-31T08:51:00+02:00","Beginn: 31.05.25 um 08:51 Uhr  Angespannte Verkehrslage, seit 31.05.2025, 08:51 A15: Cottbus -> Breslau, zwischen 3.1 km hinter AS Cottbus-Süd und 2.1 km vor AS Roggosen  Langsamer Verkehr Reisezeitverlust: 1 Minuten Durchschnittsgeschwindigkeit: 70 km/h",51.7135299498081,14.3938077737629
"A17","undefined--vi-avl.2025-05-31_09-33-30-000.f_006.de0","50.821728403314594,13.887713027275502,50.821728403314594,13.887713027275502","50.821728403314594,13.887713027275502","WARNING","A17 | Am Heidenholz - Am Heidenholz"," Prag -> Dresden",NA,"STATIONARY_TRAFFIC","24","2025-05-31T09:33:30+02:00","Beginn: 31.05.25 um 09:33 Uhr  Angespannte Verkehrslage, seit 31.05.2025, 09:33 A17: Prag -> Dresden, in Höhe Am Heidenholz, aus Richtung Breitenau-Schönwald  Im Stillstand Durchschnittsgeschwindigkeit: 24 km/h",50.8217284033146,13.8877130272755
"A17","undefined--vi-zus.2025-05-31_09-03-00-000.f.de0","50.821728403314594,13.887713027275502,50.8244130009433,13.887895800240193","50.821728403314594,13.887713027275502","WARNING","A17 | Breitenau-Schönwald - Bad Gottleuba"," Prag -> Dresden",0,"STATIONARY_TRAFFIC","28.100000381469727","2025-05-31T09:03:00+02:00","Beginn: 31.05.25 um 09:03 Uhr  Zusammengesetzte Verkehrsinformation, seit 31.05.2025, 09:03 A17: Prag -> Dresden, zwischen 4.7 km hinter Breitenau-Schönwald und 0.8 km vor AS Bad Gottleuba  Im Stillstand Reisezeitverlust: 0 Minuten Durchschnittsgeschwindigkeit: 28 km/h",50.8217284033146,13.8877130272755
"A19","undefined--vi-hind.2025-05-30_21-19-30-000.f_048.de0","53.88777817740899,12.258070550065332,54.010720331312605,12.202981430219262","53.88777817740899,12.258070550065332","WARNING","A19 | Recknitz-Niederung - Kavelstorf"," Dreieck Wittstock/Dosse -> Rostock",NA,NA,NA,"2025-05-30T21:19:30+02:00","Beginn: 30.05.25 um 21:19 Uhr  Hindernis, seit 30.05.2025, 21:19 A19: Dreieck Wittstock/Dosse -> Rostock, zwischen 6.0 km hinter Recknitz-Niederung und AS Kavelstorf",53.887778177409,12.2580705500653
"A19","undefined--vi-avl.2025-05-31_09-28-33-000.f.de0","53.87961230018206,12.259155863022931,53.883329846403264,12.258972320335857","53.87961230018206,12.259155863022931","WARNING","A19 | Recknitz-Niederung - Laage"," Dreieck Wittstock/Dosse -> Rostock",1,"STATIONARY_TRAFFIC","13.699999809265137","2025-05-31T09:28:33+02:00","Beginn: 31.05.25 um 09:28 Uhr  Angespannte Verkehrslage, seit 31.05.2025, 09:28 A19: Dreieck Wittstock/Dosse -> Rostock, zwischen 5.1 km hinter Recknitz-Niederung und 0.6 km vor AS Laage  Im Stillstand Reisezeitverlust: 1 Minuten Durchschnittsgeschwindigkeit: 13 km/h",53.8796123001821,12.2591558630229
"A19","undefined--vi-hind.2025-05-30_21-19-30-000.f_047.de0","53.883329846403264,12.258972320335857,54.01215477279351,12.202773866833432","53.883329846403264,12.258972320335857","WARNING","A19 | Recknitz-Niederung - Rostock"," Dreieck Wittstock/Dosse -> Rostock",NA,NA,NA,"2025-05-30T21:19:30+02:00","Beginn: 30.05.25 um 21:19 Uhr  Hindernis, seit 30.05.2025, 21:19 A19: Dreieck Wittstock/Dosse -> Rostock, zwischen 5.5 km hinter Recknitz-Niederung und 1.8 km vor AK Rostock",53.8833298464033,12.2589723203359
"A19","undefined--vi-avl.2025-05-31_09-30-30-000.f_002.de0","53.87961230018206,12.259155863022931,53.87961230018206,12.259155863022931","53.87961230018206,12.259155863022931","WARNING","A19 | Laage - Laage"," Dreieck Wittstock/Dosse -> Rostock",NA,"STATIONARY_TRAFFIC","8","2025-05-31T09:31:00+02:00","Beginn: 31.05.25 um 09:31 Uhr  Angespannte Verkehrslage, seit 31.05.2025, 09:31 A19: Dreieck Wittstock/Dosse -> Rostock, 1.0 km vor AS Laage, aus Richtung Recknitz-Niederung  Im Stillstand Durchschnittsgeschwindigkeit: 8 km/h",53.8796123001821,12.2591558630229
"A20","undefined--vi-hind.2025-05-31_09-13-40-000.f_003.de0","54.029497000915505,12.412976400024823,54.01019461222554,12.541878442108715","54.029497000915505,12.412976400024823","WARNING","A20 | Sanitz - Lindholz"," Rostock -> Stettin",NA,NA,NA,"2025-05-31T09:13:40+02:00","Beginn: 31.05.25 um 09:13 Uhr  Hindernis, seit 31.05.2025, 09:13 A20: Rostock -> Stettin, zwischen 0.4 km hinter AS Sanitz und 7.7 km vor Lindholz  Gefahr durch eine ungesicherte Unfallstelle",54.0294970009155,12.4129764000248
"A23","undefined--vi-avl.2025-05-31_09-28-07-000.f_001.de0","53.67332305916456,9.803717015368507,53.67332305916456,9.803717015368507","53.67332305916456,9.803717015368507","WARNING","A23 | Pinneberg-Mitte - Pinneberg-Mitte"," Heide -> Hamburg",NA,"QUEUING_TRAFFIC","21","2025-05-31T09:30:30+02:00","Beginn: 31.05.25 um 09:30 Uhr  Angespannte Verkehrslage, seit 31.05.2025, 09:30 A23: Heide -> Hamburg, 2.4 km vor AS Pinneberg-Mitte, aus Richtung Pinneberg-Nord  Stockender Verkehr Durchschnittsgeschwindigkeit: 21 km/h",53.6733230591646,9.80371701536851
"A23","undefined--vi-avl.2025-05-31_09-21-30-000.f_003.de0","53.67332305916456,9.803717015368507,53.66216574431351,9.818169642630467","53.67332305916456,9.803717015368507","WARNING","A23 | Pinneberg-Nord - Pinneberg-Mitte"," Heide -> Hamburg",1,"QUEUING_TRAFFIC","37","2025-05-31T09:21:30+02:00","Beginn: 31.05.25 um 09:21 Uhr  Angespannte Verkehrslage, seit 31.05.2025, 09:21 A23: Heide -> Hamburg, zwischen 0.7 km hinter AS Pinneberg-Nord und 0.8 km vor AS Pinneberg-Mitte  Stockender Verkehr Reisezeitverlust: 1 Minuten Durchschnittsgeschwindigkeit: 37 km/h",53.6733230591646,9.80371701536851
"A36","undefined--vi-avl.2025-05-31_09-28-07-000.f.de0","51.80130467340468,11.303255617949375,51.80130467340468,11.303255617949375","51.80130467340468,11.303255617949375","WARNING","A36 | Quedlinburg Ost - Quedlinburg Ost"," A14 Autobahnkreuz Bernburg -> Vienenburg",NA,"STATIONARY_TRAFFIC","5","2025-05-31T09:30:30+02:00","Beginn: 31.05.25 um 09:30 Uhr  Angespannte Verkehrslage, seit 31.05.2025, 09:30 A36: A14 Autobahnkreuz Bernburg -> Vienenburg, 7.6 km vor Quedlinburg Ost, aus Richtung Hoym  Im Stillstand Durchschnittsgeschwindigkeit: 5 km/h",51.8013046734047,11.3032556179494
"A36","undefined--vi-zus.2025-05-31_09-27-00-000.f.de0","51.80130467340468,11.303255617949375,51.80231420232628,11.297739064781151","51.80130467340468,11.303255617949375","WARNING","A36 | Hoym - Quedlinburg Ost"," A14 Autobahnkreuz Bernburg -> Vienenburg",2,"STATIONARY_TRAFFIC","9.5","2025-05-31T09:27:00+02:00","Beginn: 31.05.25 um 09:27 Uhr  Zusammengesetzte Verkehrsinformation, seit 31.05.2025, 09:27 A36: A14 Autobahnkreuz Bernburg -> Vienenburg, zwischen 1.8 km hinter Hoym und 7.2 km vor Quedlinburg Ost  Im Stillstand Reisezeitverlust: 2 Minuten Durchschnittsgeschwindigkeit: 9 km/h",51.8013046734047,11.3032556179494
"A36","undefined--vi-zus.2025-05-31_09-20-00-000.f.de0","51.79380970093165,11.32841060000553,51.80464984460704,11.199509543519932","51.79380970093165,11.32841060000553","WARNING","A36 | Aschersleben-West - Quedlinburg Ost"," A14 Autobahnkreuz Bernburg -> Vienenburg",NA,NA,NA,"2025-05-31T09:20:00+02:00","Beginn: 31.05.25 um 09:20 Uhr  Zusammengesetzte Verkehrsinformation, seit 31.05.2025, 09:20 A36: A14 Autobahnkreuz Bernburg -> Vienenburg, zwischen 6.0 km hinter Aschersleben-West und 0.3 km vor Quedlinburg Ost  A36 A14 Autobahnkreuz Bernburg Richtung Vienenburg
zwischen Hoym-Nachterstedt und Quedlinburg-Ost
bis auf weiteres Richtungsfahrbahn gesperrt, Reinigungsarbeiten auf allen Fahrstreifen, vorausgegangener Unfall, empfohlene Umleitung: Richtung Vienenburg über Hoym und Morgenrot",51.7938097009316,11.3284106000055
"A37","undefined--vi-zus.2025-05-31_01-26-00-000.f.de0","52.43873362471351,9.925513126225885,52.43334834199593,9.899853532326219","52.43873362471351,9.925513126225885","WARNING","A37 | Beinhorn - Hannover-Kirchhorst"," Celle -> Hannover",NA,NA,NA,"2025-05-31T01:26:00+02:00","Beginn: 31.05.25 um 01:26 Uhr  Zusammengesetzte Verkehrsinformation, seit 31.05.2025, 01:26 B3: Celle -> Hannover, zwischen 1.1 km hinter AS Beinhorn und 1.1 km vor AK Hannover-Kirchhorst  A37 Messe - Burgdorf zwischen Kreuz Hannover-Buchholz und Beinhorn in beiden Richtungen geänderte Verkehrsführung im Baustellenbereich, Bauarbeiten, bis 30.10.2026 ca. 18:00 Uhr",52.4387336247135,9.92551312622589
"A37","undefined--vi-zus.2025-05-20_10-04-40-000.f.de0","52.42566547847685,9.880479425875153,52.43157462758005,9.896382070271322","52.42566547847685,9.880479425875153","WARNING","Baustelle"," km 22.62 --> km 23.89",NA,NA,NA,"2025-05-20T10:04:40+02:00","Beginn: 20.05.25 um 10:04 Uhr  Zusammengesetzte Verkehrsinformation, seit 20.05.2025, 10:04 A37: km 22.62 --> km 23.89  A37 Messe - Burgdorf zwischen Kreuz Hannover-Buchholz und Beinhorn in beiden Richtungen geänderte Verkehrsführung im Baustellenbereich, Bauarbeiten, bis 30.10.2026 ca. 18:00 Uhr",52.4256654784769,9.88047942587515
"A59","undefined--vi-avl.2025-05-31_08-57-00-000.f.de0","50.85822571593128,7.097030420431028,50.8777174626722,7.094808212730096","50.85822571593128,7.097030420431028","WARNING","A59 | Köln-Lind - Flughafen Köln/Bonn"," Bonn -> Köln",5,"STATIONARY_TRAFFIC","18.200000762939453","2025-05-31T08:57:00+02:00","Beginn: 31.05.25 um 08:57 Uhr  Angespannte Verkehrslage, seit 31.05.2025, 08:57 A59: Bonn -> Köln, zwischen 1.6 km hinter AS Köln-Lind und 0.9 km vor AS Flughafen Köln/Bonn  Im Stillstand Reisezeitverlust: 5 Minuten Durchschnittsgeschwindigkeit: 18 km/h",50.8582257159313,7.09703042043103
"A59","undefined--vi-avl.2025-05-31_09-13-15-000.f.de0","50.85826157993029,7.0970262082827995,50.85826157993029,7.0970262082827995","50.85826157993029,7.0970262082827995","WARNING","A59 | Köln-Wahn - Köln-Wahn"," Bonn -> Köln",NA,"STATIONARY_TRAFFIC","18","2025-05-31T09:30:30+02:00","Beginn: 31.05.25 um 09:30 Uhr  Angespannte Verkehrslage, seit 31.05.2025, 09:30 A59: Bonn -> Köln, 0.1 km vor AS Köln-Wahn, aus Richtung Köln-Lind  Im Stillstand Durchschnittsgeschwindigkeit: 18 km/h",50.8582615799303,7.0970262082828
"A60","undefined--vi-zus.2025-04-08_08-38-20-000.f_005.de0","49.98125533976677,8.345695317688524,49.97565770865279,8.441396718063045","49.98125533976677,8.345695317688524","WARNING","A60 | Mainspitz-Dreieck - Rüsselsheimer Dreieck"," Mainz -> Rüsselsheim",NA,NA,NA,"2025-04-08T08:38:20+02:00","Beginn: 08.04.25 um 08:38 Uhr  Zusammengesetzte Verkehrsinformation, seit 08.04.2025, 08:38 A60: Mainz -> Rüsselsheim, zwischen 0.5 km hinter AD Mainspitz-Dreieck und 2.2 km vor AD Rüsselsheimer Dreieck  Sperrung der A60 bei Königstädten – Grundhafte Fahrbahnerneuerung zwischen dem Rüsselsheimer Dreieck und dem Mainspitz Dreieck. Die Niederlassung West der Autobahn GmbH erneuert zwischen dem Rüsselsheimer Dreieck (30) und dem Mainspitz Dreieck (26) die Fahrbahn. Von Donnerstagmorgen (24. April) bis Mitte Juli wird die Anschlussstelle (AS) Königstädten (29) in Fahrtrichtung (FR) Mainz sowie in FR Rüsselsheimer Dreieck gesperrt. Umleitungsmöglichkeiten sind ausgeschildert: • Ausfahrt FR Mainz: Umleitung via AS Rüsselsheim-Mitte • Einfahrt FR Mainz: innerstädtische Umleitung zur AS Rüsselsheim-Mitte (Adam-Opel-Straße / Kurt-Schumacher-Ring), von Nauheim kommend via L3482 zur AS Bischofsheim • Einfahrt FR Darmstadt: innerstädtische Umleitung zur AS Rüsselsheim-Mitte (Adam-Opel-Straße / Kurt-Schumacher-Ring) Die Autobahn GmbH bittet alle Verkehrsteilnehmer um Verständnis für die unvermeidlichen Verkehrsbehinderungen, die durch die Arbeiten entstehen.",49.9812553397668,8.34569531768852
"A60","undefined--vi-zus.2025-05-03_09-02-30-000.f_002.de0","49.977457399447445,8.454646346787307,49.981587265039146,8.34517285786785","49.977457399447445,8.454646346787307","WARNING","A60 | Rüsselsheimer Dreieck - Mainspitz-Dreieck"," Rüsselsheim -> Mainz",NA,NA,NA,"2025-05-03T09:02:30+02:00","Beginn: 03.05.25 um 09:02 Uhr  Zusammengesetzte Verkehrsinformation, seit 03.05.2025, 09:02 A60: Rüsselsheim -> Mainz, zwischen 0.6 km hinter AD Rüsselsheimer Dreieck und 0.5 km vor AD Mainspitz-Dreieck  Sperrung der A60 bei Königstädten – Grundhafte Fahrbahnerneuerung zwischen dem Rüsselsheimer Dreieck und dem Mainspitz Dreieck. Die Niederlassung West der Autobahn GmbH erneuert zwischen dem Rüsselsheimer Dreieck (30) und dem Mainspitz Dreieck (26) die Fahrbahn. Von Donnerstagmorgen (24. April) bis Mitte Juli wird die Anschlussstelle (AS) Königstädten (29) in Fahrtrichtung (FR) Mainz sowie in FR Rüsselsheimer Dreieck gesperrt. Umleitungsmöglichkeiten sind ausgeschildert: • Ausfahrt FR Mainz: Umleitung via AS Rüsselsheim-Mitte • Einfahrt FR Mainz: innerstädtische Umleitung zur AS Rüsselsheim-Mitte (Adam-Opel-Straße / Kurt-Schumacher-Ring), von Nauheim kommend via L3482 zur AS Bischofsheim • Einfahrt FR Darmstadt: innerstädtische Umleitung zur AS Rüsselsheim-Mitte (Adam-Opel-Straße / Kurt-Schumacher-Ring) Die Autobahn GmbH bittet alle Verkehrsteilnehmer um Verständnis für die unvermeidlichen Verkehrsbehinderungen, die durch die Arbeiten entstehen.",49.9774573994474,8.45464634678731
"A61","undefined--vi-hind.2025-05-31_09-22-00-000.f.de0","50.836572169436515,6.7614689164741835,50.836572169436515,6.7614689164741835","50.836572169436515,6.7614689164741835","WARNING","A61 | Gymnich - Erfttal"," Mönchengladbach -> Koblenz",NA,NA,NA,"2025-05-31T09:22:00+02:00","Beginn: 31.05.25 um 09:22 Uhr  Fahrzeug-Hindernis, seit 31.05.2025, 09:22 A61: Mönchengladbach -> Koblenz, zwischen AS Gymnich und 2.7 km vor AD Erfttal Gefahr durch ein defektes Fahrzeug auf der Fahrbahn",50.8365721694365,6.76146891647418
"A64","undefined--vi-avl.2025-05-31_09-15-30-000.f_001.de0","49.78507244370596,6.6409570341333515,49.78507244370596,6.6409570341333515","49.78507244370596,6.6409570341333515","WARNING","A64 | Trier - Trier"," Trier -> Luxemburg",NA,"SLOW_TRAFFIC","18","2025-05-31T09:28:07+02:00","Beginn: 31.05.25 um 09:28 Uhr  Angespannte Verkehrslage, seit 31.05.2025, 09:28 A64: Trier -> Luxemburg, 3.2 km vor AS Trier, aus Richtung Anschluss B52-Trier  Langsamer Verkehr Durchschnittsgeschwindigkeit: 18 km/h",49.785072443706,6.64095703413335
"A64","undefined--vi-avl.2025-05-31_09-15-00-000.f.de0","49.78507244370596,6.6409570341333515,49.79020932058812,6.646868211249463","49.78507244370596,6.6409570341333515","WARNING","A64 | Trier - Anschluss B52-Trier"," Luxemburg -> Trier",0,"SLOW_TRAFFIC","32.29999923706055","2025-05-31T09:15:00+02:00","Beginn: 31.05.25 um 09:15 Uhr  Angespannte Verkehrslage, seit 31.05.2025, 09:15 A64: Luxemburg -> Trier, zwischen 3.2 km hinter AS Trier und 1.0 km vor Anschluss B52-Trier  Langsamer Verkehr Reisezeitverlust: 0 Minuten Durchschnittsgeschwindigkeit: 32 km/h",49.785072443706,6.64095703413335
"A70","undefined--vi-hind.2025-05-31_06-43-00-000.f_008.de0","50.00327580094111,10.439730500000884,49.979320500941235,10.555294000001153","50.00327580094111,10.439730500000884","WARNING","A70 | Haßfurt - Knetzgau"," Schweinfurt/Werneck -> Bamberg",NA,NA,NA,"2025-05-31T06:43:00+02:00","Beginn: 31.05.25 um 06:43 Uhr  Hindernis, seit 31.05.2025, 06:43 A70: Schweinfurt/Werneck -> Bamberg, zwischen 0.3 km hinter AS Haßfurt und 0.2 km vor AS Knetzgau",50.0032758009411,10.4397305000009
"A70","undefined--vi-hind.2025-05-31_07-03-00-000.f_006.de0","50.00327580094111,10.439730500000884,49.979320500941235,10.555294000001153","50.00327580094111,10.439730500000884","WARNING","A70 | Haßfurt - Knetzgau"," Schweinfurt/Werneck -> Bamberg",NA,NA,NA,"2025-05-31T07:03:00+02:00","Beginn: 31.05.25 um 07:03 Uhr  Hindernis, seit 31.05.2025, 07:03 A70: Schweinfurt/Werneck -> Bamberg, zwischen 0.3 km hinter AS Haßfurt und 0.2 km vor AS Knetzgau",50.0032758009411,10.4397305000009
"A93","undefined--vi-avl.2025-05-31_09-18-30-000.f.de0","47.605643142162485,12.194773140536856,47.6109829777923,12.200907448535187","47.605643142162485,12.194773140536856","WARNING","A93 | Kiefersfelden - Inntal"," Kiefersfelden -> Rosenheim",3,"QUEUING_TRAFFIC","9.899999618530273","2025-05-31T09:18:30+02:00","Beginn: 31.05.25 um 09:18 Uhr  Angespannte Verkehrslage, seit 31.05.2025, 09:18 A93: Kiefersfelden -> Rosenheim, zwischen 0.1 km hinter Kiefersfelden und 0.1 km vor Inntal  Stockender Verkehr Reisezeitverlust: 3 Minuten Durchschnittsgeschwindigkeit: 9 km/h",47.6056431421625,12.1947731405369
"A93","undefined--vi-avl.2025-05-31_09-21-30-000.f_001.de0","47.60563145084383,12.19475293679132,47.60563145084383,12.19475293679132","47.60563145084383,12.19475293679132","WARNING","A93 | Inntal - Inntal"," Kiefersfelden -> Rosenheim",NA,"QUEUING_TRAFFIC","5","2025-05-31T09:30:30+02:00","Beginn: 31.05.25 um 09:30 Uhr  Angespannte Verkehrslage, seit 31.05.2025, 09:30 A93: Kiefersfelden -> Rosenheim, 0.9 km vor Inntal, aus Richtung Kiefersfelden  Stockender Verkehr Durchschnittsgeschwindigkeit: 5 km/h",47.6056314508438,12.1947529367913
"A94","undefined--vi-hind.2025-05-31_09-19-03-000.f_001.de0","48.17039250094744,11.891482700021697,48.15990740094744,11.836284200019694","48.17039250094744,11.891482700021697","WARNING","A94 | Hohenlinden - Markt Schwaben"," Passau -> München",NA,NA,NA,"2025-05-31T09:19:03+02:00","Beginn: 31.05.25 um 09:19 Uhr  Hindernis, seit 31.05.2025, 09:19 A94: Passau -> München, zwischen 2.2 km hinter AS Hohenlinden und 0.3 km vor AS Markt Schwaben  Gefahr durch eine ungesicherte Unfallstelle",48.1703925009474,11.8914827000217
"A95","undefined--vi-avl.2025-05-31_09-33-30-000.f_001.de0","47.5976623457277,11.174818856045922,47.5976623457277,11.174818856045922","47.5976623457277,11.174818856045922","WARNING","A95 | Anschluss B2 - Anschluss B2"," München -> Garmisch-Partenkirchen",NA,"STATIONARY_TRAFFIC","20","2025-05-31T09:33:30+02:00","Beginn: 31.05.25 um 09:33 Uhr  Angespannte Verkehrslage, seit 31.05.2025, 09:33 A95: München -> Garmisch-Partenkirchen, 1.2 km vor Anschluss B2, aus Richtung Eschenlohe  Im Stillstand Durchschnittsgeschwindigkeit: 20 km/h",47.5976623457277,11.1748188560459
"A95","undefined--vi-avl.2025-05-31_08-52-30-000.f_001.de0","47.715490946872464,11.327715161016505,47.715490946872464,11.327715161016505","47.715490946872464,11.327715161016505","WARNING","A95 | Murnau/Kochel - Murnau/Kochel"," München -> Garmisch-Partenkirchen",NA,"STATIONARY_TRAFFIC","15","2025-05-31T09:30:30+02:00","Beginn: 31.05.25 um 09:30 Uhr  Angespannte Verkehrslage, seit 31.05.2025, 09:30 A95: München -> Garmisch-Partenkirchen, 6.0 km vor AS Murnau/Kochel, aus Richtung Sindelsdorf  Im Stillstand Durchschnittsgeschwindigkeit: 15 km/h",47.7154909468725,11.3277151610165
"A95","undefined--vi-avl.2025-05-31_08-48-30-000.f.de0","47.71545532142236,11.327722595962557,47.69740432874465,11.317139574218585","47.71545532142236,11.327722595962557","WARNING","A95 | Sindelsdorf - Murnau/Kochel"," München -> Garmisch-Partenkirchen",4,"STATIONARY_TRAFFIC","23.200000762939453","2025-05-31T08:48:30+02:00","Beginn: 31.05.25 um 08:48 Uhr  Angespannte Verkehrslage, seit 31.05.2025, 08:48 A95: München -> Garmisch-Partenkirchen, zwischen 1.5 km hinter AS Sindelsdorf und 3.8 km vor AS Murnau/Kochel  Im Stillstand Reisezeitverlust: 4 Minuten Durchschnittsgeschwindigkeit: 23 km/h",47.7154553214224,11.3277225959626
"A95","undefined--vi-zus.2025-05-31_09-20-30-000.f.de0","47.95723783288099,11.411760458606746,47.93879338820455,11.403404654623042","47.95723783288099,11.411760458606746","WARNING","A95 | Schäftlarn - Höhenrain"," München -> Garmisch-Partenkirchen",1,"SLOW_TRAFFIC","53.20000076293945","2025-05-31T09:20:30+02:00","Beginn: 31.05.25 um 09:20 Uhr  Zusammengesetzte Verkehrsinformation, seit 31.05.2025, 09:20 A95: München -> Garmisch-Partenkirchen, zwischen 4.5 km hinter AS Schäftlarn und 1.3 km vor Höhenrain  Gefahr durch Gegenstände auf der Fahrbahn  Langsamer Verkehr Reisezeitverlust: 1 Minuten Durchschnittsgeschwindigkeit: 53 km/h",47.957237832881,11.4117604586067
"A95","undefined--vi-hind.2025-05-31_09-18-00-000.f_001.de0","47.99613040094782,11.428298900009114,47.905839200947995,11.39606340000859","47.99613040094782,11.428298900009114","WARNING","A95 | Starnberg - Wolfratshausen"," München -> Garmisch-Partenkirchen",NA,NA,NA,"2025-05-31T09:18:00+02:00","Beginn: 31.05.25 um 09:18 Uhr  Hindernis, seit 31.05.2025, 09:18 A95: München -> Garmisch-Partenkirchen, zwischen 2.3 km hinter AD Starnberg und 0.4 km vor AS Wolfratshausen  Gefahr durch Gegenstände auf der Fahrbahn",47.9961304009478,11.4282989000091
"A96","undefined--vi-hind.2025-05-31_08-14-30-000.f_005.de0","47.77743925018256,9.947106235821884,47.778211416333626,9.949895805525772","47.77743925018256,9.947106235821884","WARNING","A96 | Kißlegg - Winterberg"," Lindau -> München",NA,NA,NA,"2025-05-31T08:14:30+02:00","Beginn: 31.05.25 um 08:14 Uhr  Fahrzeug-Hindernis, seit 31.05.2025, 08:14 A96: Lindau -> München, zwischen 4.3 km hinter AS Kißlegg und 3.6 km vor Winterberg Gefahr durch ein defektes Fahrzeug auf der Fahrbahn",47.7774392501826,9.94710623582188
"A98","undefined--vi-hind.2025-05-31_09-33-00-000.f_001.de0","47.633102200948564,7.669785899999345,47.586764600948655,7.752010299999476","47.633102200948564,7.669785899999345","WARNING","A98 | Kandern - Hochrhein"," Weil am Rhein -> Schaffhausen",NA,NA,NA,"2025-05-31T09:33:00+02:00","Beginn: 31.05.25 um 09:33 Uhr  Hindernis, seit 31.05.2025, 09:33 A98: Weil am Rhein -> Schaffhausen, zwischen 1.8 km hinter AS Kandern und AD Hochrhein  Gefahr durch Personen auf der Fahrbahn",47.6331022009486,7.66978589999935
"A98","undefined--vi-hind.2025-05-31_09-33-00-000.f.de0","47.58687679735781,7.752085526962561,47.63314570946988,7.669987312489868","47.58687679735781,7.752085526962561","WARNING","A98 | Hochrhein - Kandern"," Schaffhausen -> Weil am Rhein",NA,NA,NA,"2025-05-31T09:33:00+02:00","Beginn: 31.05.25 um 09:33 Uhr  Hindernis, seit 31.05.2025, 09:33 A98: Schaffhausen -> Weil am Rhein, zwischen AD Hochrhein und 1.9 km vor AS Kandern  Gefahr durch Personen auf der Fahrbahn",47.5868767973578,7.75208552696256
"A99","undefined--vi-hind.2025-05-31_08-30-00-000.f_002.de0","48.17060354389846,11.419656541810115,48.1704181298588,11.419379940656928","48.17060354389846,11.419656541810115","WARNING","A99 | München-Lochhausen - Aubing"," München-Nord -> München-Süd-West",NA,NA,NA,"2025-05-31T08:30:00+02:00","Beginn: 31.05.25 um 08:30 Uhr  Fahrzeug-Hindernis, seit 31.05.2025, 08:30 A99: München-Nord -> München-Süd-West, zwischen 0.5 km hinter AS München-Lochhausen und 1.2 km vor Aubing Gefahr durch ein defektes Fahrzeug auf der Fahrbahn",48.1706035438985,11.4196565418101
"A113","undefined--vi-zus.2025-05-23_04-57-30-000.f_001.de0","52.431770300930815,13.501964500120101,52.420514923982736,13.521858832895003","52.431770300930815,13.501964500120101","WARNING","A113 | Stubenrauchstraße - Rudower Höhe"," Neukölln -> Schönefeld",NA,NA,NA,"2025-05-23T04:57:30+02:00","Beginn: 23.05.25 um 04:57 Uhr  Zusammengesetzte Verkehrsinformation, seit 23.05.2025, 04:57 A113: Neukölln -> Schönefeld, zwischen 0.3 km hinter AS Stubenrauchstraße und Rudower Höhe  A113 Autobahnzubringer Dresden, Neukölln Richtung Schönefeld
zwischen Stubenrauchstraße und Tunnel Rudower Höhe
linker Fahrstreifen gesperrt, Bauarbeiten, bis voraussichtlich 20.06.2025",52.4317703009308,13.5019645001201
"A115","undefined--vi-zus.2024-10-09_07-09-40-000.f_532.de0","52.39943703551348,13.1842272579643,52.44227384698058,13.202709435405149","52.39943703551348,13.1842272579643","WARNING","A115 | Am Stern - Hüttenweg"," Dreieck Nuthetal -> Dreieck Funkturm",NA,NA,NA,"2024-10-09T07:09:40+02:00","Beginn: 09.10.24 um 07:09 Uhr  Zusammengesetzte Verkehrsinformation, seit 09.10.2024, 07:09 A115: Dreieck Nuthetal -> Dreieck Funkturm, zwischen 2.8 km hinter Am Stern und 3.8 km vor AS Hüttenweg  A115 Autobahnzubringer Magdeburg, Dreieck Nuthetal Richtung Dreieck Funkturm, zwischen Anschlussstelle Kleinmachnow und Anschlussstelle Spanische Allee, Baustelle, bis 31.10.2026 17:00 Uhr",52.3994370355135,13.1842272579643
"A861","undefined--vi-avl.2025-05-31_09-33-30-000.f_002.de0","47.54904851086363,7.758213318370684,47.550390129210655,7.757852233297081","47.54904851086363,7.758213318370684","WARNING","A861 | Rheinfelden - Rheinfelden-Mitte"," Grenzübergang Rheinfelden -> Dreieck Hochrhein",0,"QUEUING_TRAFFIC","10.699999809265137","2025-05-31T09:33:30+02:00","Beginn: 31.05.25 um 09:33 Uhr  Angespannte Verkehrslage, seit 31.05.2025, 09:33 A861: Grenzübergang Rheinfelden -> Dreieck Hochrhein, zwischen 0.1 km hinter Rheinfelden und 2.1 km vor AS Rheinfelden-Mitte  Stockender Verkehr Reisezeitverlust: 0 Minuten Durchschnittsgeschwindigkeit: 10 km/h",47.5490485108636,7.75821331837068
